67
62
63
72
66
80
68
65
70
65
73
70
74
72
63
67
64
76
76
88
67
63
79
69
77
76
78
77
64
81
67
79
78
77
65
75
74
80
70
81
60
72
76
82
66
74
71
60
87
58
70
71
68
62
80
69
70
72
72
69
62
78
65
59
77
70
66
70
70
74
67
70
68
67
72
90
68
79
73
70
67
69
84
71
76
73
71
75
71
79
68
73
72
70
64
76
71
66
66
69
67
75
84
68
71
70
69
71
73
72
76
67
72
67
76
79
77
81
67
71
79
66
72
83
66
68
72
70
82
58
64
85
67
77
71
72
63
75
78
70
73
67
69
62
77
69
75
57
70
70
72
66
73
64
82
79
83
69
75
80
79
78
71
68
67
76
71
66
69
73
57
76
77
59
72
71
68
70
70
72
76
67
65
57
66
72
86
84
73
68
68
79
70
67
68
60
80
67
77
76
70
74
79
73
73
66
61
79
72
80
64
79
70
68
75
82
67
73
68
74
80
66
76
82
75
62
90
72
59
67
74
72
73
70
67
66
77
65
62
75
66
75
80
73
75
67
74
71
74
66
68
68
68
73
71
68
76
65
75
70
69
73
84
68
68
77
75
75
78
67
68
59
69
68
72
69
68
92
64
69
69
76
69
84
64
64
68
74
80
71
68
66
69
62
67
74
75
80
77
74
68
63
72
68
77
76
74
72
68
70
68
77
72
76
71
70
84
73
81
74
72
78
87
66
68
67
77
77
79
66
67
73
83
70
63
71
79
71
61
73
71
73
75
67
76
68
76
65
74
71
68
70
77
68
76
73
72
65
58
61
76
74
58
63
65
73
72
73
67
82
71
72
70
81
75
77
69
66
64
81
69
75
65
68
76
71
73
74
70
63
79
71
74
68
55
68
65
58
70
68
67
66
85
72
78
82
77
57
63
68
71
72
66
73
76
67
73
70
71
76
66
65
66
69
77
67
78
63
69
78
60
77
66
78
75
79
70
74
69
79
62
74
68
83
68
76
64
71
73
69
70
67
72
70
67
64
63
68
64
71
68
62
68
69
69
66
78
63
68
84
67
79
60
72
76
77
66
72
79
79
75
81
73
72
70
59
71
71
76
70
74
61
62
68
69
71
63
75
69
76
71
66
72
79
70
71
74
77
68
70
71
66
73
75
69
66
70
72
63
84
78
70
67
71
66
70
59
70
80
73
82
73
73
78
65
74
65
66
67
67
80
70
69
81
64
62
68
78
80
80
72
75
71
79
68
73
73
63
68
77
69
78
67
77
68
65
80
65
76
65
70
78
71
76
69
78
74
62
73
82
67
83
62
78
70
65
72
73
66
69
90
80
71
67
69
75
75
79
65
78
73
78
53
66
75
62
67
80
71
78
81
79
66
69
74
78
77
82
69
81
74
69
74
78
76
75
72
68
67
62
73
70
71
70
76
71
74
75
73
72
70
69
75
70
72
73
62
68
76
65
71
71
66
68
73
64
73
67
73
74
71
69
72
68
63
72
70
70
69
76
72
67
78
75
73
69
76
73
73
77
71
66
58
64
76
72
76
87
72
61
73
77
74
73
75
69
67
63
77
77
74
77
67
63
82
74
73
63
62
75
66
72
85
65
72
77
75
72
70
64
62
68
86
76
65
68
71
81
66
83
76
71
70
63
66
62
67
78
73
72
74
65
60
70
69
71
78
71
71
71
73
81
65
69
77
79
65
62
77
70
68
65
75
85
81
77
61
76
65
73
78
64
64
59
81
67
81
75
75
75
75
66
77
78
67
66
80
70
70
79
69
74
78
64
67
69
60
71
66
66
77
70
70
72
68
67
77
69
67
74
75
63
76
64
74
68
58
76
63
66
61
69
73
73
65
71
66
68
65
74
65
61
79
66
67
74
76
75
83
78
61
75
66
79
73
80
57
71
69
72
82
73
69
60
72
76
68
59
72
74
75
76
66
78
77
72
68
69
64
71
76
79
76
69
73
81
57
60
83
67
79
83
69
73
68
75
74
67
69
66
71
64
89
73
70
60
78
76
70
71
74
55
84
74
71
64
77
74
64
61
76
74
80
71
85
65
70
71
66
74
69
73
69
76
67
71
76
74
69
70
76
69
70
78
61
70
75
62
63
69
68
69
65
66
75
73
70
66
70
75
77
76
82
77
61
69
70
65
77
66
75
73
75
59
76
72
74
79
70
77
60
66
83
78
78
75
74
78
72
65
73
75
60
62
71
73
80
64
73
73
74
74
71
74
73
63
57
64
69
81
