tissue_id	position	a	b	c	ddpcr_f	miseq_f
F290g1m1_bl	6685	0.027252	0.028723	0.028418	0.028131	0.015145
F290g1m1_ch	6685	0.042428	0.048321	0.040925	0.043891	0.01884
F290g1m1_hr	6685	0.002957	0.001414	0.002861	0.002411	NA
F290g1m1c1_bl	6685	0.002343	0.000317	0.000412	0.001024	0.000465
F290g1m1c1_ch	6685	0.001871	0.001119	0.001972	0.001654	0.00052
F290g1m1c1_hr	6685	0.002049	0.001379	0.001979	0.001802	NA
F290g1m1c2_bl	6685	0.010018	0.001769	0.005505	0.005764	0.000515
F290g1m1c2_ch	6685	0.001848	0.003311	0.000947	0.002036	0.00036
F290g1m1c2_hr	6685	0.002747	0.001454	0.000869	0.00169	NA
F290g1_bl	6685	0.00084	0.000882	0.001866	0.001196	0.00025
F290g1_ch	6685	0.000756	0.000757	0.000878	0.000797	0.00032
F290g1_hr	6685	0.002105	0.000298	0.001798	0.001401	NA
F290g1m2_bl	6685	0.001162	0.000787	0.001221	0.001057	0.0001
F290g1m2_ch	6685	0.001369	0.001153	0.001669	0.001397	0
F290g1m2_hr	6685	0.002732	0.001586	0.001038	0.001785	NA
F170m1_bl	9101	0.000424	0.000904	0.000887	0.000738	0.00056
F170m1_ch	9101	0.001801	0.001283	0.001192	0.001425	0.00065
F170m1c1_bl	9101	0.034942	0.028961	0.029046	0.030983	0.02209
F170m1c1_ch	9101	0.040667	0.045208	0.039587	0.041821	0.01737
F170m1c1_hr	9101	0.002759	0.002107	0.003372	0.002746	NA
F170m1c2_bl	9101	0.001027	0.001647	0.000988	0.001221	0.00044
F170m1c2_ch	9101	0.002541	0.00092	0.001344	0.001602	0.0003
F170m1c3_bl	9101	0.000867	0.000416	0.000798	0.000694	0.0005
F170m1c3_ch	9101	0.000603	0.000955	0.001561	0.00104	0.0007
F170m1c4_bl	9101	0.001815	0.000731	0.000328	0.000958	0.000365
F170m1c4_ch	9101	0.000947	0.001549	0.001142	0.001212	0.00102
F170m1c5_bl	9101	0.001137	0.000213	0.001098	0.000816	0.00026
F170m1c5_ch	9101	0.002438	0.000737	0.00189	0.001689	0.0002
F187m1_bl	11778	0.01447	0.02506	0.02931	0.022946667	0.01489
F187m1_ch	11778	0.03334	0.03037	0.03525	0.032986667	0.03157
F187m1c1_bl	11778	0.00048	0.00065	0.00103	0.00072	0.00025
F187m1c1_ch	11778	0.00031	0.00128	0.00052	0.000703333	0.00011
F187m1c2_bl	11778	0	0.00126	0.001197	0.000819	0.0006
F187m1c2_bl	11778	0.00041	0.00031	0.00033	0.00035	0.0006
F187m1c2_ch	11778	0.000752	0.00176	0.00044	0.000984	0.00019
F173m1_bl	3243	0.00348	0.00123	0.00255	0.00242	0.00243
F173m1_ch	3243	0.002	0.00242	0.0012	0.00187	0.0019
F173m1c1_bl	3243	0.00117	0.00115	0.00104	0.00112	0.00072
F173m1c1_ch	3243	0.00541	0.00168	0.00319	0.00342	0.00134
F173m1c2_bl	3243	0.06647	0.06771	0.07898	0.07105	0.04664
F173m1c2_ch	3243	0.05972	0.07013	0.06336	0.0644	0.04087
F170m1_bl	10197	0.0083	0.00609	0.00943	0.00794	0.00207
F170m1_ch	10197	0.01920	0.01961	0.01602	0.01827	0.00803
F170m1_hr	10197	0.00059	0.00099	0.00133	0.00097	NA
F170m1c1_bl	10197	0	0.0012	0.00162	0.00094	0.00075
F170m1c1_ch	10197	0.00077	0.00031	0.00097	0.00068	0.00028
F170m1c2_bl	10197	0.00114	0.00298	0.00069	0.0016	0.00039
F170m1c2_ch	10197	0.00151	0.00229	0.00227	0.00203	0.00022
F170m1c3_bl	10197	0.0232	0.02467	0.02385	0.02391	0.01121
F170m1c3_ch	10197	0.04735	0.05272	0.05476	0.05161	0.01759
F170m1c3_hr	10197	0.05498	0.04557	0.04529	0.04861	NA
F170m1c4_bl	10197	0.00166	0.00069	0.00352	0.00196	0.000935
F170m1c4_ch	10197	0.00243	0.00178	0.00092	0.00171	0.00022
F170m1c4_hr	10197	0.00037	0.00074	0.0006	0.00057	NA
F170m1c5_bl	10197	0.00176	0.00098	0.00208	0.00161	0.00021
F170m1c5_ch	10197	0.00091	0.00174	0.00277	0.0018	0.00183
F170m1c5_hr	10197	0.00152	0.00085	0.00082	0.00107	NA
F170m1c1_hr1_rt	9101	0.00284	0.00252	0.00323	0.00286	NA
F170m1c1_hr1_sh	9101	0.00294	0.00236	0.00296	0.00275	NA
F170m1c1_hr2_rt	9101	0.00251	0.00272	0.00199	0.00241	NA
F170m1c1_hr2_sh	9101	0.00207	0.00246	0.00193	0.00215	NA
F170m1c1_hr3_rt	9101	0.00434	0.00483	0.00447	0.00455	NA
F170m1c1_hr3_sh	9101	0.01464	0.01542	0.0134	0.01449	NA
F170m1c3_hr1_rt	10197	0.00819	0.00858	0.00949	0.00875	NA
F170m1c3_hr1_sh	10197	0.01184	0.01315	0.01199	0.01232	NA
F170m1c3_hr2_rt	10197	0.06514	0.07148	0.06774	0.06812	NA
F170m1c3_hr2_sh	10197	0.02458	0.02724	0.02508	0.02563	NA
F170m1c3_hr3_rt	10197	0.00549	0.00457	0.004	0.00468	NA
F170m1c3_hr3_sh	10197	0.00132	0.00134	0.00119	0.00128	NA
